{
 "cells": [
  {
   "cell_type": "markdown",
   "metadata": {},
   "source": [
    "# Преобразование персональных данных"
   ]
  },
  {
   "cell_type": "markdown",
   "metadata": {},
   "source": [
    "Нужно защитить данные клиентов страховой компании, преобразовав их таким образом, чтобы по ним было сложно восстановить персональную информацию. При этом качество моделей машинного обучения не должно ухудшиться."
   ]
  },
  {
   "cell_type": "markdown",
   "metadata": {},
   "source": [
    "## 1. Загрузка данных"
   ]
  },
  {
   "cell_type": "code",
   "execution_count": 1,
   "metadata": {},
   "outputs": [],
   "source": [
    "#импортируем библиотеки\n",
    "import numpy as np\n",
    "import pandas as pd\n",
    "from sklearn.linear_model import LinearRegression\n",
    "from sklearn.metrics import r2_score\n",
    "from sklearn.metrics import mean_squared_error"
   ]
  },
  {
   "cell_type": "code",
   "execution_count": 2,
   "metadata": {},
   "outputs": [],
   "source": [
    "#считываем датасет\n",
    "#Признаки: пол, возраст и зарплата застрахованного, количество членов его семьи.\n",
    "#Целевой признак: количество страховых выплат клиенту за последние 5 лет.\n",
    "\n",
    "data_ins = pd.read_csv('/datasets/insurance.csv')"
   ]
  },
  {
   "cell_type": "code",
   "execution_count": 3,
   "metadata": {},
   "outputs": [
    {
     "name": "stdout",
     "output_type": "stream",
     "text": [
      "<class 'pandas.core.frame.DataFrame'>\n",
      "RangeIndex: 5000 entries, 0 to 4999\n",
      "Data columns (total 5 columns):\n",
      "Пол                  5000 non-null int64\n",
      "Возраст              5000 non-null float64\n",
      "Зарплата             5000 non-null float64\n",
      "Члены семьи          5000 non-null int64\n",
      "Страховые выплаты    5000 non-null int64\n",
      "dtypes: float64(2), int64(3)\n",
      "memory usage: 195.4 KB\n"
     ]
    }
   ],
   "source": [
    "data_ins.info()"
   ]
  },
  {
   "cell_type": "code",
   "execution_count": 4,
   "metadata": {},
   "outputs": [
    {
     "data": {
      "text/html": [
       "<div>\n",
       "<style scoped>\n",
       "    .dataframe tbody tr th:only-of-type {\n",
       "        vertical-align: middle;\n",
       "    }\n",
       "\n",
       "    .dataframe tbody tr th {\n",
       "        vertical-align: top;\n",
       "    }\n",
       "\n",
       "    .dataframe thead th {\n",
       "        text-align: right;\n",
       "    }\n",
       "</style>\n",
       "<table border=\"1\" class=\"dataframe\">\n",
       "  <thead>\n",
       "    <tr style=\"text-align: right;\">\n",
       "      <th></th>\n",
       "      <th>Пол</th>\n",
       "      <th>Возраст</th>\n",
       "      <th>Зарплата</th>\n",
       "      <th>Члены семьи</th>\n",
       "      <th>Страховые выплаты</th>\n",
       "    </tr>\n",
       "  </thead>\n",
       "  <tbody>\n",
       "    <tr>\n",
       "      <td>count</td>\n",
       "      <td>5000.000000</td>\n",
       "      <td>5000.000000</td>\n",
       "      <td>5000.000000</td>\n",
       "      <td>5000.000000</td>\n",
       "      <td>5000.000000</td>\n",
       "    </tr>\n",
       "    <tr>\n",
       "      <td>mean</td>\n",
       "      <td>0.499000</td>\n",
       "      <td>30.952800</td>\n",
       "      <td>39916.360000</td>\n",
       "      <td>1.194200</td>\n",
       "      <td>0.148000</td>\n",
       "    </tr>\n",
       "    <tr>\n",
       "      <td>std</td>\n",
       "      <td>0.500049</td>\n",
       "      <td>8.440807</td>\n",
       "      <td>9900.083569</td>\n",
       "      <td>1.091387</td>\n",
       "      <td>0.463183</td>\n",
       "    </tr>\n",
       "    <tr>\n",
       "      <td>min</td>\n",
       "      <td>0.000000</td>\n",
       "      <td>18.000000</td>\n",
       "      <td>5300.000000</td>\n",
       "      <td>0.000000</td>\n",
       "      <td>0.000000</td>\n",
       "    </tr>\n",
       "    <tr>\n",
       "      <td>25%</td>\n",
       "      <td>0.000000</td>\n",
       "      <td>24.000000</td>\n",
       "      <td>33300.000000</td>\n",
       "      <td>0.000000</td>\n",
       "      <td>0.000000</td>\n",
       "    </tr>\n",
       "    <tr>\n",
       "      <td>50%</td>\n",
       "      <td>0.000000</td>\n",
       "      <td>30.000000</td>\n",
       "      <td>40200.000000</td>\n",
       "      <td>1.000000</td>\n",
       "      <td>0.000000</td>\n",
       "    </tr>\n",
       "    <tr>\n",
       "      <td>75%</td>\n",
       "      <td>1.000000</td>\n",
       "      <td>37.000000</td>\n",
       "      <td>46600.000000</td>\n",
       "      <td>2.000000</td>\n",
       "      <td>0.000000</td>\n",
       "    </tr>\n",
       "    <tr>\n",
       "      <td>max</td>\n",
       "      <td>1.000000</td>\n",
       "      <td>65.000000</td>\n",
       "      <td>79000.000000</td>\n",
       "      <td>6.000000</td>\n",
       "      <td>5.000000</td>\n",
       "    </tr>\n",
       "  </tbody>\n",
       "</table>\n",
       "</div>"
      ],
      "text/plain": [
       "               Пол      Возраст      Зарплата  Члены семьи  Страховые выплаты\n",
       "count  5000.000000  5000.000000   5000.000000  5000.000000        5000.000000\n",
       "mean      0.499000    30.952800  39916.360000     1.194200           0.148000\n",
       "std       0.500049     8.440807   9900.083569     1.091387           0.463183\n",
       "min       0.000000    18.000000   5300.000000     0.000000           0.000000\n",
       "25%       0.000000    24.000000  33300.000000     0.000000           0.000000\n",
       "50%       0.000000    30.000000  40200.000000     1.000000           0.000000\n",
       "75%       1.000000    37.000000  46600.000000     2.000000           0.000000\n",
       "max       1.000000    65.000000  79000.000000     6.000000           5.000000"
      ]
     },
     "execution_count": 4,
     "metadata": {},
     "output_type": "execute_result"
    }
   ],
   "source": [
    "data_ins.describe()"
   ]
  },
  {
   "cell_type": "code",
   "execution_count": 5,
   "metadata": {},
   "outputs": [
    {
     "data": {
      "text/html": [
       "<div>\n",
       "<style scoped>\n",
       "    .dataframe tbody tr th:only-of-type {\n",
       "        vertical-align: middle;\n",
       "    }\n",
       "\n",
       "    .dataframe tbody tr th {\n",
       "        vertical-align: top;\n",
       "    }\n",
       "\n",
       "    .dataframe thead th {\n",
       "        text-align: right;\n",
       "    }\n",
       "</style>\n",
       "<table border=\"1\" class=\"dataframe\">\n",
       "  <thead>\n",
       "    <tr style=\"text-align: right;\">\n",
       "      <th></th>\n",
       "      <th>Пол</th>\n",
       "      <th>Возраст</th>\n",
       "      <th>Зарплата</th>\n",
       "      <th>Члены семьи</th>\n",
       "      <th>Страховые выплаты</th>\n",
       "    </tr>\n",
       "  </thead>\n",
       "  <tbody>\n",
       "    <tr>\n",
       "      <td>0</td>\n",
       "      <td>1</td>\n",
       "      <td>41.0</td>\n",
       "      <td>49600.0</td>\n",
       "      <td>1</td>\n",
       "      <td>0</td>\n",
       "    </tr>\n",
       "    <tr>\n",
       "      <td>1</td>\n",
       "      <td>0</td>\n",
       "      <td>46.0</td>\n",
       "      <td>38000.0</td>\n",
       "      <td>1</td>\n",
       "      <td>1</td>\n",
       "    </tr>\n",
       "    <tr>\n",
       "      <td>2</td>\n",
       "      <td>0</td>\n",
       "      <td>29.0</td>\n",
       "      <td>21000.0</td>\n",
       "      <td>0</td>\n",
       "      <td>0</td>\n",
       "    </tr>\n",
       "    <tr>\n",
       "      <td>3</td>\n",
       "      <td>0</td>\n",
       "      <td>21.0</td>\n",
       "      <td>41700.0</td>\n",
       "      <td>2</td>\n",
       "      <td>0</td>\n",
       "    </tr>\n",
       "    <tr>\n",
       "      <td>4</td>\n",
       "      <td>1</td>\n",
       "      <td>28.0</td>\n",
       "      <td>26100.0</td>\n",
       "      <td>0</td>\n",
       "      <td>0</td>\n",
       "    </tr>\n",
       "  </tbody>\n",
       "</table>\n",
       "</div>"
      ],
      "text/plain": [
       "   Пол  Возраст  Зарплата  Члены семьи  Страховые выплаты\n",
       "0    1     41.0   49600.0            1                  0\n",
       "1    0     46.0   38000.0            1                  1\n",
       "2    0     29.0   21000.0            0                  0\n",
       "3    0     21.0   41700.0            2                  0\n",
       "4    1     28.0   26100.0            0                  0"
      ]
     },
     "execution_count": 5,
     "metadata": {},
     "output_type": "execute_result"
    }
   ],
   "source": [
    "data_ins.head()"
   ]
  },
  {
   "cell_type": "code",
   "execution_count": 6,
   "metadata": {},
   "outputs": [
    {
     "data": {
      "text/html": [
       "<div>\n",
       "<style scoped>\n",
       "    .dataframe tbody tr th:only-of-type {\n",
       "        vertical-align: middle;\n",
       "    }\n",
       "\n",
       "    .dataframe tbody tr th {\n",
       "        vertical-align: top;\n",
       "    }\n",
       "\n",
       "    .dataframe thead th {\n",
       "        text-align: right;\n",
       "    }\n",
       "</style>\n",
       "<table border=\"1\" class=\"dataframe\">\n",
       "  <thead>\n",
       "    <tr style=\"text-align: right;\">\n",
       "      <th></th>\n",
       "      <th>Пол</th>\n",
       "      <th>Возраст</th>\n",
       "      <th>Зарплата</th>\n",
       "      <th>Члены семьи</th>\n",
       "      <th>Страховые выплаты</th>\n",
       "    </tr>\n",
       "  </thead>\n",
       "  <tbody>\n",
       "    <tr>\n",
       "      <td>4995</td>\n",
       "      <td>0</td>\n",
       "      <td>28.0</td>\n",
       "      <td>35700.0</td>\n",
       "      <td>2</td>\n",
       "      <td>0</td>\n",
       "    </tr>\n",
       "    <tr>\n",
       "      <td>4996</td>\n",
       "      <td>0</td>\n",
       "      <td>34.0</td>\n",
       "      <td>52400.0</td>\n",
       "      <td>1</td>\n",
       "      <td>0</td>\n",
       "    </tr>\n",
       "    <tr>\n",
       "      <td>4997</td>\n",
       "      <td>0</td>\n",
       "      <td>20.0</td>\n",
       "      <td>33900.0</td>\n",
       "      <td>2</td>\n",
       "      <td>0</td>\n",
       "    </tr>\n",
       "    <tr>\n",
       "      <td>4998</td>\n",
       "      <td>1</td>\n",
       "      <td>22.0</td>\n",
       "      <td>32700.0</td>\n",
       "      <td>3</td>\n",
       "      <td>0</td>\n",
       "    </tr>\n",
       "    <tr>\n",
       "      <td>4999</td>\n",
       "      <td>1</td>\n",
       "      <td>28.0</td>\n",
       "      <td>40600.0</td>\n",
       "      <td>1</td>\n",
       "      <td>0</td>\n",
       "    </tr>\n",
       "  </tbody>\n",
       "</table>\n",
       "</div>"
      ],
      "text/plain": [
       "      Пол  Возраст  Зарплата  Члены семьи  Страховые выплаты\n",
       "4995    0     28.0   35700.0            2                  0\n",
       "4996    0     34.0   52400.0            1                  0\n",
       "4997    0     20.0   33900.0            2                  0\n",
       "4998    1     22.0   32700.0            3                  0\n",
       "4999    1     28.0   40600.0            1                  0"
      ]
     },
     "execution_count": 6,
     "metadata": {},
     "output_type": "execute_result"
    }
   ],
   "source": [
    "data_ins.tail()"
   ]
  },
  {
   "cell_type": "code",
   "execution_count": 7,
   "metadata": {},
   "outputs": [],
   "source": [
    "#Разбиваем датасет на признаки и целевой признак\n",
    "features = data_ins.drop('Страховые выплаты', axis=1)\n",
    "target = data_ins['Страховые выплаты']"
   ]
  },
  {
   "cell_type": "markdown",
   "metadata": {},
   "source": [
    "## 2. Умножение матриц\n",
    "Отвечаем на вопрос, изменится ли качество линейной регрессии при умножении признаков на обратимую матрицу."
   ]
  },
  {
   "cell_type": "code",
   "execution_count": 8,
   "metadata": {},
   "outputs": [],
   "source": [
    "#Признаки переводим в матрицу\n",
    "feat_matrix = np.array(features)\n",
    "\n",
    "#Целевые признаки переводим в вектор\n",
    "targ_vector = np.array(target)\n",
    "#print(targ_vector)"
   ]
  },
  {
   "cell_type": "code",
   "execution_count": 9,
   "metadata": {},
   "outputs": [
    {
     "name": "stdout",
     "output_type": "stream",
     "text": [
      "Качество линейной регрессии\n",
      "MSE= 0.1233468894171086\n",
      "RMSE= 0.3512077581960692\n",
      "R2 = 0.42494550286668\n"
     ]
    }
   ],
   "source": [
    "#Замеряем MSE и R2\n",
    "print('Качество линейной регрессии')\n",
    "\n",
    "model = LinearRegression()\n",
    "model.fit(feat_matrix, targ_vector)\n",
    "pred_vector = model.predict(feat_matrix)\n",
    "mse = mean_squared_error(targ_vector,pred_vector)\n",
    "print('MSE=',mse)              \n",
    "rmse = mse ** 0.5\n",
    "print('RMSE=',rmse)            \n",
    "r2 = r2_score(targ_vector, pred_vector)\n",
    "print(\"R2 =\", r2)"
   ]
  },
  {
   "cell_type": "code",
   "execution_count": 10,
   "metadata": {},
   "outputs": [],
   "source": [
    "##Генерим случайную матрицу и проверяем на обратимость\n",
    "rand_matrix_size = feat_matrix.shape[1]\n",
    "good_res = False\n",
    "while good_res != True:\n",
    "    rand_matrix = np.random.normal(0,1,(rand_matrix_size,rand_matrix_size))\n",
    "    try:\n",
    "        rand_matrix_invert = np.linalg.inv(rand_matrix)\n",
    "        good_res = True   \n",
    "    except np.linalg.LinAlgError:\n",
    "        continue"
   ]
  },
  {
   "cell_type": "code",
   "execution_count": 11,
   "metadata": {},
   "outputs": [],
   "source": [
    "#Умножаем признаки на обратную матрицу\n",
    "feat_matrix_times_rand_matrix = feat_matrix @ rand_matrix\n",
    "#print(feat_matrix_times_rand_matrix)"
   ]
  },
  {
   "cell_type": "code",
   "execution_count": 12,
   "metadata": {},
   "outputs": [
    {
     "name": "stdout",
     "output_type": "stream",
     "text": [
      "Качество линейной регрессии после умножения признаков на обратимую матрицу\n",
      "MSE_2= 0.12334688941710797\n",
      "RMSE_2= 0.3512077581960683\n",
      "R2_2 = 0.424945502866683\n"
     ]
    }
   ],
   "source": [
    "#Замеряем MSE и R2 после умножения признаков на обратную матрицу\n",
    "print('Качество линейной регрессии после умножения признаков на обратимую матрицу')\n",
    "model = LinearRegression()\n",
    "model.fit(feat_matrix_times_rand_matrix, targ_vector)\n",
    "pred_vector = model.predict(feat_matrix_times_rand_matrix)\n",
    "mse = mean_squared_error(targ_vector,pred_vector)\n",
    "print('MSE_2=',mse)              \n",
    "rmse = mse ** 0.5\n",
    "print('RMSE_2=',rmse)            \n",
    "r2 = r2_score(targ_vector, pred_vector)\n",
    "print(\"R2_2 =\", r2)"
   ]
  },
  {
   "cell_type": "code",
   "execution_count": 13,
   "metadata": {},
   "outputs": [
    {
     "name": "stdout",
     "output_type": "stream",
     "text": [
      "начальная матрица\n",
      " [[1.00e+00 4.10e+01 4.96e+04 1.00e+00]\n",
      " [0.00e+00 4.60e+01 3.80e+04 1.00e+00]\n",
      " [0.00e+00 2.90e+01 2.10e+04 0.00e+00]\n",
      " [0.00e+00 2.10e+01 4.17e+04 2.00e+00]\n",
      " [1.00e+00 2.80e+01 2.61e+04 0.00e+00]]\n",
      "\n",
      "обратимая матрица, на которую умножим начальную\n",
      " [[1.14644376 0.88772754 1.02124626 0.97780466]\n",
      " [0.89686727 0.85761913 0.86337848 0.96138749]\n",
      " [1.01994672 1.07245624 0.85409876 0.99997263]\n",
      " [0.8633178  0.88104866 0.8791     1.05349929]]\n",
      "\n",
      "перемножили начальную и обратимую, полученную матрицу назовем крипто-матрицей для удобства\n",
      " [[50628.13878011 53230.76047499 42400.59747601 49640.09050911]\n",
      " [38800.094686   40793.66850345 32496.34747908 38044.23716435]\n",
      " [21444.89033372 22546.45191454 17961.11198512 21027.30541225]\n",
      " [42552.33919707 44741.19714766 35635.8075376  41721.15469758]\n",
      " [26646.86819746 28016.00882746 22317.17354081 26127.18222903]]\n",
      "\n",
      "Добавляем к признакам начальной матрицы столбец с 1 \n",
      " [[1.00e+00 1.00e+00 4.10e+01 4.96e+04 1.00e+00]\n",
      " [1.00e+00 0.00e+00 4.60e+01 3.80e+04 1.00e+00]\n",
      " [1.00e+00 0.00e+00 2.90e+01 2.10e+04 0.00e+00]\n",
      " [1.00e+00 0.00e+00 2.10e+01 4.17e+04 2.00e+00]\n",
      " [1.00e+00 1.00e+00 2.80e+01 2.61e+04 0.00e+00]]\n",
      "Добавляем к признакам крипто-матрицы столбец с 1 \n",
      " [[1.00000000e+00 5.06281388e+04 5.32307605e+04 4.24005975e+04\n",
      "  4.96400905e+04]\n",
      " [1.00000000e+00 3.88000947e+04 4.07936685e+04 3.24963475e+04\n",
      "  3.80442372e+04]\n",
      " [1.00000000e+00 2.14448903e+04 2.25464519e+04 1.79611120e+04\n",
      "  2.10273054e+04]\n",
      " [1.00000000e+00 4.25523392e+04 4.47411971e+04 3.56358075e+04\n",
      "  4.17211547e+04]\n",
      " [1.00000000e+00 2.66468682e+04 2.80160088e+04 2.23171735e+04\n",
      "  2.61271822e+04]]\n",
      "\n",
      "Целевой признак y\n",
      " [0 1 0 0 0]\n",
      "\n",
      "Транспонируем начальную матрицу (X)\n",
      " [[1.00e+00 1.00e+00 1.00e+00 1.00e+00 1.00e+00]\n",
      " [1.00e+00 0.00e+00 0.00e+00 0.00e+00 1.00e+00]\n",
      " [4.10e+01 4.60e+01 2.90e+01 2.10e+01 2.80e+01]\n",
      " [4.96e+04 3.80e+04 2.10e+04 4.17e+04 2.61e+04]\n",
      " [1.00e+00 1.00e+00 0.00e+00 2.00e+00 0.00e+00]]\n",
      "Транспонируем крипто-матрицу (crypto_X)\n",
      " [[1.00000000e+00 1.00000000e+00 1.00000000e+00 1.00000000e+00\n",
      "  1.00000000e+00]\n",
      " [5.06281388e+04 3.88000947e+04 2.14448903e+04 4.25523392e+04\n",
      "  2.66468682e+04]\n",
      " [5.32307605e+04 4.07936685e+04 2.25464519e+04 4.47411971e+04\n",
      "  2.80160088e+04]\n",
      " [4.24005975e+04 3.24963475e+04 1.79611120e+04 3.56358075e+04\n",
      "  2.23171735e+04]\n",
      " [4.96400905e+04 3.80442372e+04 2.10273054e+04 4.17211547e+04\n",
      "  2.61271822e+04]]\n",
      "\n",
      "Перемножаем X.T и X \n",
      " [[5.00000e+00 2.00000e+00 1.65000e+02 1.76400e+05 4.00000e+00]\n",
      " [2.00000e+00 2.00000e+00 6.90000e+01 7.57000e+04 1.00000e+00]\n",
      " [1.65000e+02 6.90000e+01 5.86300e+03 5.99710e+06 1.29000e+02]\n",
      " [1.76400e+05 7.57000e+04 5.99710e+06 6.76526e+09 1.71000e+05]\n",
      " [4.00000e+00 1.00000e+00 1.29000e+02 1.71000e+05 6.00000e+00]]\n",
      "Перемножаем crypto_X.T и crypto_X \n",
      " [[5.00000000e+00 1.80072331e+05 1.89328087e+05 1.50811038e+05\n",
      "  1.76559970e+05]\n",
      " [1.80072331e+05 7.04929626e+09 7.41166021e+09 5.90376852e+09\n",
      "  6.91177396e+09]\n",
      " [1.89328087e+05 7.41166021e+09 7.79265122e+09 6.20724744e+09\n",
      "  7.26706867e+09]\n",
      " [1.50811038e+05 5.90376852e+09 6.20724744e+09 4.94439182e+09\n",
      "  5.78859393e+09]\n",
      " [1.76559970e+05 6.91177396e+09 7.26706867e+09 5.78859393e+09\n",
      "  6.77693454e+09]]\n",
      "\n",
      "Получаем обратную матрицу от перемноженной X.T и X\n",
      " [[ 5.44836459e+00  3.06838947e+00  7.63299665e-02 -3.49905513e-04\n",
      "   4.18757154e+00]\n",
      " [ 3.06838947e+00  6.48266477e+00  2.46599360e-01 -5.65456377e-04\n",
      "   7.68758338e+00]\n",
      " [ 7.63299665e-02  2.46599360e-01  1.39066771e-02 -2.57296457e-05\n",
      "   3.42314807e-01]\n",
      " [-3.49905513e-04 -5.65456377e-04 -2.57296457e-05  5.77408661e-08\n",
      "  -7.64914229e-04]\n",
      " [ 4.18757154e+00  7.68758338e+00  3.42314807e-01 -7.64914229e-04\n",
      "   1.05339756e+01]]\n",
      "Получаем обратную крипто-матрицу от перемноженной crypto_X.T и crypto_X\n",
      " [[ 5.35764391e+00  1.57917138e+02 -1.31297857e+02 -2.24532746e+02\n",
      "   1.71521639e+02]\n",
      " [ 1.57917527e+02  1.53740192e+04 -1.27991602e+04 -2.17929930e+04\n",
      "   1.66596548e+04]\n",
      " [-1.31298098e+02 -1.27991522e+04  1.06570337e+04  1.81483699e+04\n",
      "  -1.38756054e+04]\n",
      " [-2.24532993e+02 -2.17929632e+04  1.81483564e+04  3.09121182e+04\n",
      "  -2.36382654e+04]\n",
      " [ 1.71521713e+02  1.66596207e+04 -1.38755857e+04 -2.36382494e+04\n",
      "   1.80788966e+04]]\n",
      "\n",
      "Перемножаем обратную и транспонированную X\n",
      " [[-1.52145923e+00 -1.49294911e-01  3.13917842e-01  8.35377069e-01\n",
      "   1.52145923e+00]\n",
      " [-6.97424893e-01  6.12201104e-01 -1.65481300e+00  4.26118945e-02\n",
      "   1.69742489e+00]\n",
      " [-4.07725322e-02  8.06253832e-02 -6.06989577e-02 -1.99264255e-02\n",
      "   4.07725322e-02]\n",
      " [ 1.28755365e-04 -1.04230533e-04  1.16492949e-04 -1.22624157e-05\n",
      "  -1.28755365e-04]\n",
      " [-1.49570815e+00  1.40128755e+00 -1.94849785e+00  5.47210300e-01\n",
      "   1.49570815e+00]]\n",
      "Перемножаем обратную крипто-матрицу и транспонированную crypto_X\n",
      " [[ -1.49577338  -0.17679454   0.3560489    0.8231751    1.48282611]\n",
      " [-49.59435535  43.55465214 -75.59347152  16.77230982  64.86086473]\n",
      " [ 41.79895878 -37.03655385  62.71875005 -14.21001125 -53.27114362]\n",
      " [ 72.4354244  -63.90016114 106.36740063 -25.59996186 -89.30270214]\n",
      " [-56.11237248  49.87497254 -81.01217512  19.99818544  67.2513898 ]]\n",
      "\n",
      "Считаем веса\n",
      " [-1.49294911e-01  6.12201104e-01  8.06253832e-02 -1.04230533e-04\n",
      "  1.40128755e+00]\n",
      "Считаем крипто-веса\n",
      " [ -0.17679454  43.55465214 -37.03655385 -63.90016114  49.87497254]\n",
      "\n",
      "w (веса)\n",
      " [ 6.12201104e-01  8.06253832e-02 -1.04230533e-04  1.40128755e+00]\n",
      "crypto_w (крипто-веса)\n",
      " [ 43.55465214 -37.03655385 -63.90016114  49.87497254]\n",
      "\n",
      "w0 (сдвиг)\n",
      " -0.14929491109749815\n",
      "crypto_w0 (крипто-сдвиг)\n",
      " -0.17679453885055627\n",
      "\n",
      "Предсказания\n",
      " [-6.21724894e-15  1.00000000e+00  9.76996262e-15  1.33226763e-14\n",
      " -2.04281037e-14]\n",
      "Крипто-предсказания\n",
      " [ 0.00899273  0.99322633  0.01118973 -0.00221189 -0.01084073]\n",
      "\n",
      "R2 = 1.0\n",
      "Крипто-R2 = 0.9995320303063844\n"
     ]
    }
   ],
   "source": [
    "#теперь пошаговый расчет на небольшой матрице\n",
    "#для начальной матрицы возьмем первые пять записей признаков исходного датасета\n",
    "matrix = np.array([[1,41.0,49600.0,1],[0,46.0,38000.0,1],[0,29.0,21000.0,0],[0,21.0,41700.0,2],[1,28.0,26100.0,0]])\n",
    "print('начальная матрица\\n',matrix)\n",
    "print()\n",
    "\n",
    "#создадим случайным образом обратимую матрицу \n",
    "rand_matrix = np.random.normal(1,0.1,(4,4))\n",
    "print('обратимая матрица, на которую умножим начальную\\n',rand_matrix)\n",
    "print()\n",
    "#проверим полученую матрицу на обратимость, если ошибок не будет, значит обратимая\n",
    "rand_matrix_inv = np.linalg.inv(rand_matrix)\n",
    "\n",
    "#перемножим первую и обратимую матрицы\n",
    "crypto = matrix @ rand_matrix\n",
    "print('перемножили начальную и обратимую, полученную матрицу назовем крипто-матрицей для удобства\\n',crypto)\n",
    "print()\n",
    "\n",
    "#создадим целевой вектор\n",
    "y = np.array([0,1,0,0,0])\n",
    "\n",
    "#w - вектор весов\n",
    "#w0 - величина сдвига\n",
    "#график предсказаний: y = w*X + w0\n",
    "#задача обучения - найти w и w0\n",
    "\n",
    "# добавляем столбец с 1 в признаки\n",
    "X = np.concatenate((np.ones((5, 1)), matrix), axis=1)\n",
    "print('Добавляем к признакам начальной матрицы столбец с 1 \\n',X)\n",
    "\n",
    "crypto_X = np.concatenate((np.ones((5, 1)),crypto), axis=1)\n",
    "print('Добавляем к признакам крипто-матрицы столбец с 1 \\n',crypto_X)\n",
    "print()\n",
    "\n",
    "print('Целевой признак y\\n',y)\n",
    "print()\n",
    "\n",
    "#MSE минимальна, когда веса рассчитаем по формуле w = np.linalg.inv(X.T @ X) @ X.T @ y\n",
    "x_t = X.T\n",
    "print('Транспонируем начальную матрицу (X)\\n',x_t)\n",
    "crypto_x_t = crypto_X.T\n",
    "print('Транспонируем крипто-матрицу (crypto_X)\\n',crypto_x_t)\n",
    "print()\n",
    "\n",
    "x_t_x = x_t @ X\n",
    "print('Перемножаем X.T и X \\n',x_t_x)\n",
    "crypto_x_t_x = crypto_x_t @ crypto_X\n",
    "print('Перемножаем crypto_X.T и crypto_X \\n',crypto_x_t_x)\n",
    "print()\n",
    "\n",
    "x_t_x_inv = np.linalg.inv(x_t_x)\n",
    "print('Получаем обратную матрицу от перемноженной X.T и X\\n',x_t_x_inv)\n",
    "crypto_x_t_x_inv = np.linalg.inv(crypto_x_t_x)\n",
    "print('Получаем обратную крипто-матрицу от перемноженной crypto_X.T и crypto_X\\n',crypto_x_t_x_inv)\n",
    "print()\n",
    "\n",
    "x_t_inv_x_t = x_t_x_inv @ x_t\n",
    "print('Перемножаем обратную и транспонированную X\\n',x_t_inv_x_t)\n",
    "crypto_x_t_inv_x_t = crypto_x_t_x_inv @ crypto_x_t\n",
    "print('Перемножаем обратную крипто-матрицу и транспонированную crypto_X\\n',crypto_x_t_inv_x_t)\n",
    "print()\n",
    "\n",
    "wesa = x_t_inv_x_t @ y\n",
    "print('Считаем веса\\n',wesa)\n",
    "crypto_wesa = crypto_x_t_inv_x_t @ y\n",
    "print('Считаем крипто-веса\\n',crypto_wesa)\n",
    "print()\n",
    "#print('Проверим по формуле w = np.linalg.inv(X.T @ X) @ X.T @ y \\n',np.linalg.inv(X.T @ X) @ X.T @ y)\n",
    "#print('Проверим крипто по формуле w = np.linalg.inv(X.T @ X) @ X.T @ y \\n',np.linalg.inv(crypto_X.T @ crypto_X) @ crypto_X.T @ y)\n",
    "\n",
    "w = wesa[1:]\n",
    "print('w (веса)\\n',w)\n",
    "crypto_w = crypto_wesa[1:]\n",
    "print('crypto_w (крипто-веса)\\n',crypto_w)\n",
    "print()\n",
    "\n",
    "w0 = wesa[0]\n",
    "print('w0 (сдвиг)\\n',w0)\n",
    "crypto_w0 = crypto_wesa[0]\n",
    "print('crypto_w0 (крипто-сдвиг)\\n',crypto_w0)\n",
    "print()\n",
    "\n",
    "#генерим предсказания\n",
    "pred = matrix @ w + w0   \n",
    "print('Предсказания\\n',pred)\n",
    "crypto_pred = crypto @ crypto_w + crypto_w0   \n",
    "print('Крипто-предсказания\\n',crypto_pred)\n",
    "print()\n",
    "       \n",
    "r2 = r2_score(y, pred)\n",
    "print(\"R2 =\", r2)\n",
    "crypto_r2 = r2_score(y, crypto_pred)\n",
    "print(\"Крипто-R2 =\", crypto_r2)"
   ]
  },
  {
   "cell_type": "markdown",
   "metadata": {},
   "source": [
    "**Ответ:**\n",
    "\n",
    "Качество линейной регрессии не изменится.\n",
    "\n",
    "**Обоснование:** \n",
    "\n",
    "Проведя обучение линейной регрессии на исходном датасете, а затем на исходном датасете с измененными признаками (путем умножения их на обратимую матрицу) и сравнив полученные качественные характеристики, мы выяснили, что качество линейной регрессии после преобразования признаков не меняется. \n",
    "Чтобы выяснить, почему это происходит, провели эксперимент с небольшой матрицей, пройдя по всем расчетам линейной регрессии.\n",
    "Насколько можно судить, качество регрессии не меняется, поскольку изменение признаков компенсируется изменением расчетных значений весов (w и w0), при которых MSE будет минимальна."
   ]
  },
  {
   "cell_type": "markdown",
   "metadata": {},
   "source": [
    "## 3. Алгоритм преобразования\n",
    "Предложите алгоритм преобразования данных для решения задачи. Обоснуйте, почему качество линейной регрессии не поменяется."
   ]
  },
  {
   "cell_type": "markdown",
   "metadata": {},
   "source": [
    "**Алгоритм**\n",
    "\n",
    "1. Преобразуем признаки в матрицу, а таргет в вектор.\n",
    "2. Сгенерируем случайным образом обратимую матрицу.\n",
    "3. Получим новую матрицу путем умножения матрицы признаков на рандомную обратимую матрицу.\n",
    "3. Переведем новую матрицу в датасет.\n",
    "4. PROFIT: данные преобразованы, персональную информацию по ним уже не восстановить, качество линейной регрессии при этом не пострадало, оставшись на прежнем уровне."
   ]
  },
  {
   "cell_type": "markdown",
   "metadata": {},
   "source": [
    "**Обоснование**\n",
    "\n",
    "Качество линейной регрессии не меняется, потому что изменение признаков влечет за собой соответствующее изменение рассчитываемых вектора весов w и сдвига предсказания w0, при которых MSE остается минимальной."
   ]
  },
  {
   "cell_type": "markdown",
   "metadata": {},
   "source": [
    "## 4. Проверка алгоритма\n",
    "Запрограммируйте этот алгоритм, применив матричные операции. Проверьте, что качество линейной регрессии из sklearn не отличается до и после преобразования. Примените метрику R2."
   ]
  },
  {
   "cell_type": "code",
   "execution_count": 14,
   "metadata": {},
   "outputs": [],
   "source": [
    "#Функция преобразования признаков\n",
    "#генерим рандомную обратимую матрицу, умножаем признаки на нее, возвращаем результат\n",
    "def kripto(features):\n",
    "    rand_matrix_size = features.shape[1]\n",
    "    good_res = False\n",
    "    while good_res != True:\n",
    "        rand_matrix = np.random.normal(0,1,(rand_matrix_size,rand_matrix_size))\n",
    "        try:\n",
    "            rand_matrix_invert = np.linalg.inv(rand_matrix)\n",
    "            good_res = True   \n",
    "        except np.linalg.LinAlgError:\n",
    "            continue        \n",
    "    kripto_matrix = features @ rand_matrix\n",
    "    return kripto_matrix"
   ]
  },
  {
   "cell_type": "code",
   "execution_count": 15,
   "metadata": {},
   "outputs": [],
   "source": [
    "#функция замера результатов\n",
    "def our_score(features,target):\n",
    "    \n",
    "    model = LinearRegression()\n",
    "    model.fit(features, target)\n",
    "    predicted = model.predict(features)\n",
    "\n",
    "    mse = mean_squared_error(target,predicted)\n",
    "    print('MSE= {:.6f}'.format(mse))              \n",
    "    rmse = mse ** 0.5\n",
    "    print('RMSE= {:.6f}'.format(rmse))            \n",
    "    r2 = r2_score(target, predicted)\n",
    "    print(\"R2= {:.6f}\".format(r2))    "
   ]
  },
  {
   "cell_type": "code",
   "execution_count": 16,
   "metadata": {
    "scrolled": true
   },
   "outputs": [
    {
     "name": "stdout",
     "output_type": "stream",
     "text": [
      "Качество линейной регрессии\n",
      "MSE= 0.123347\n",
      "RMSE= 0.351208\n",
      "R2= 0.424946\n",
      "\n",
      "Качество линейной регрессии после преобразования признаков\n",
      "MSE= 0.123347\n",
      "RMSE= 0.351208\n",
      "R2= 0.424946\n"
     ]
    },
    {
     "data": {
      "text/html": [
       "<div>\n",
       "<style scoped>\n",
       "    .dataframe tbody tr th:only-of-type {\n",
       "        vertical-align: middle;\n",
       "    }\n",
       "\n",
       "    .dataframe tbody tr th {\n",
       "        vertical-align: top;\n",
       "    }\n",
       "\n",
       "    .dataframe thead th {\n",
       "        text-align: right;\n",
       "    }\n",
       "</style>\n",
       "<table border=\"1\" class=\"dataframe\">\n",
       "  <thead>\n",
       "    <tr style=\"text-align: right;\">\n",
       "      <th></th>\n",
       "      <th>Пол</th>\n",
       "      <th>Возраст</th>\n",
       "      <th>Зарплата</th>\n",
       "      <th>Члены семьи</th>\n",
       "    </tr>\n",
       "  </thead>\n",
       "  <tbody>\n",
       "    <tr>\n",
       "      <td>0</td>\n",
       "      <td>50249.737719</td>\n",
       "      <td>58223.348097</td>\n",
       "      <td>-51594.509394</td>\n",
       "      <td>-71558.772152</td>\n",
       "    </tr>\n",
       "    <tr>\n",
       "      <td>1</td>\n",
       "      <td>38507.742556</td>\n",
       "      <td>44603.957745</td>\n",
       "      <td>-39533.610215</td>\n",
       "      <td>-54832.077592</td>\n",
       "    </tr>\n",
       "    <tr>\n",
       "      <td>2</td>\n",
       "      <td>21282.225329</td>\n",
       "      <td>24649.407782</td>\n",
       "      <td>-21847.968210</td>\n",
       "      <td>-30304.289746</td>\n",
       "    </tr>\n",
       "    <tr>\n",
       "      <td>3</td>\n",
       "      <td>42239.175008</td>\n",
       "      <td>48950.117503</td>\n",
       "      <td>-43374.672664</td>\n",
       "      <td>-60151.857195</td>\n",
       "    </tr>\n",
       "    <tr>\n",
       "      <td>4</td>\n",
       "      <td>26445.288795</td>\n",
       "      <td>30637.626488</td>\n",
       "      <td>-27150.537143</td>\n",
       "      <td>-37659.481044</td>\n",
       "    </tr>\n",
       "  </tbody>\n",
       "</table>\n",
       "</div>"
      ],
      "text/plain": [
       "            Пол       Возраст      Зарплата   Члены семьи\n",
       "0  50249.737719  58223.348097 -51594.509394 -71558.772152\n",
       "1  38507.742556  44603.957745 -39533.610215 -54832.077592\n",
       "2  21282.225329  24649.407782 -21847.968210 -30304.289746\n",
       "3  42239.175008  48950.117503 -43374.672664 -60151.857195\n",
       "4  26445.288795  30637.626488 -27150.537143 -37659.481044"
      ]
     },
     "execution_count": 16,
     "metadata": {},
     "output_type": "execute_result"
    }
   ],
   "source": [
    "#Выполняем алгоритм\n",
    "\n",
    "#Признаки переводим в матрицу\n",
    "feat_matrix = np.array(features)\n",
    "#Целевые признаки переводим в вектор\n",
    "targ_vector = np.array(target)\n",
    "\n",
    "#получаем результаты для признаков\n",
    "print('Качество линейной регрессии')\n",
    "our_score(feat_matrix,targ_vector)\n",
    "\n",
    "#преобразуем признаки\n",
    "kripto_feat = kripto(feat_matrix)\n",
    "\n",
    "#получаем результаты для преобразованых признаков\n",
    "print('\\nКачество линейной регрессии после преобразования признаков')\n",
    "our_score(kripto_feat,targ_vector)\n",
    "\n",
    "#преобразуем матрицу преобразованных признаков в датасет\n",
    "data_kripto_features = pd.DataFrame(kripto_feat, columns=list(features))\n",
    "data_kripto_features.head()"
   ]
  },
  {
   "cell_type": "markdown",
   "metadata": {},
   "source": [
    "**Выводы**\n",
    "Алгоритм преобразования данных реализован, в результате его работы данные преобразуются так, что персональную информацию по ним уже не восстановить, качество линейной регрессии при этом остается на прежнем уровне."
   ]
  },
  {
   "cell_type": "code",
   "execution_count": null,
   "metadata": {},
   "outputs": [],
   "source": []
  }
 ],
 "metadata": {
  "kernelspec": {
   "display_name": "Python 3",
   "language": "python",
   "name": "python3"
  },
  "language_info": {
   "codemirror_mode": {
    "name": "ipython",
    "version": 3
   },
   "file_extension": ".py",
   "mimetype": "text/x-python",
   "name": "python",
   "nbconvert_exporter": "python",
   "pygments_lexer": "ipython3",
   "version": "3.7.8"
  }
 },
 "nbformat": 4,
 "nbformat_minor": 2
}
